0.142119 0 2.53761 0 
0.89918 1 8.38961 0 
0.238995 0 8.98646 0 
0.0206755 1 39.7145 0 
0.528065 0 5.02012 0 
0.668845 1 6.0671 1 
0.71532 1 1.76155 0 
0.221386 1 1.93457 1 
0.342219 0 4.69285 1 
0.393112 1 57.1751 0 
1.00132 1 0.307551 0 
0.231549 0 0.269928 0 
0.445682 1 8.35588 0 
0.861549 0 6.50696 0 
0.700576 1 1.353 0 
0.368577 1 32.8045 0 
0.420883 0 2.01529 0 
0.512469 1 30.491 0 
0.361223 0 0.261456 0 
0.425565 0 4.48547 0 
0.171577 0 8.00412 0 
0.532087 0 15.0462 0 
0.0963929 0 1.49625 0 
0.136588 0 0.725428 1 
0.456907 0 1.98063 0 
0.407036 0 6.01863 0 
0.149908 0 0.568423 0 
0.635302 1 0.329576 1 
0.445766 1 4.86599 1 
0.0300156 0 1.42122 1 
0.153062 0 0.299582 0 
0.376003 0 0.0014875 0 
0.146175 0 5.33993 0 
0.694567 1 1.30761 0 
0.150269 1 31.3249 0 
0.408276 1 0.210631 0 
0.671152 0 10.7161 0 
0.557891 1 8.1382 1 
0.336368 1 3.65218 1 
0.636053 0 21.4246 1 
0.0925149 0 0.554282 0 
0.66985 1 2.96242 1 
0.889636 1 2.20313 0 
0.38174 1 13.1929 0 
1.00984 1 3.42816 0 
0.327696 0 0.682517 1 
0.351769 1 10.4081 1 
0.381422 0 2.15928 0 
0.873579 0 4.46084 0 
0.583735 0 2.20122 0 
0.27744 0 4.51827 1 
0.285752 0 3.50962 0 
0.123989 0 0.128303 1 
0.340054 1 20.2803 1 
0.763413 1 6.49904 0 
0.579682 1 3.12909 1 
0.696897 0 0.272208 0 
0.551122 0 1.76314 1 
0.594936 0 2.36102 0 
0.115421 1 45.1853 1 
0.743688 0 23.5472 1 
0.397581 1 33.8556 1 
0.677714 0 2.61524 1 
0.401854 0 2.58292 0 
0.773471 0 4.88447 1 
0.779273 0 26.7762 1 
0.336328 0 6.45323 0 
0.505682 1 1.6667 1 
0.527313 0 1.99011 1 
0.636769 0 4.69721 0 
0.296246 1 26.2667 1 
0.72858 0 50.459 0 
0.334391 1 2.44743 0 
0.748626 1 0.113916 1 
0.682662 1 2.40689 0 
0.436727 1 9.57657 1 
0.306363 0 3.38925 1 
0.356959 1 8.64654 1 
0.813192 0 36.5309 0 
0.575245 0 5.57652 1 
0.430156 1 13.3526 0 
0.286401 0 3.55729 1 
0.194075 0 1.76393 1 
0.332389 0 10.8359 0 
0.573966 0 7.27889 0 
0.690409 1 8.57679 0 
0.617924 1 2.84787 0 
0.577175 0 8.55149 0 
0.227304 0 1.92353 0 
0.0632548 1 15.5484 0 
0.621179 0 45.7055 0 
0.777434 0 15.8947 1 
0.109336 0 4.55254 0 
0.956654 1 0.294649 0 
0.694251 0 5.59384 1 
0.802866 0 88.4554 0 
0.242842 0 2.22532 0 
0.921135 0 16.2836 1 
0.479865 0 3.76924 1 
0.278072 1 24.5592 0 
0.264691 0 0.0750281 0 
1.01112 0 20.4781 1 
0.647689 1 1.37956 1 
0.223681 0 0.900044 1 
0.211277 1 4.33085 1 
0.912716 0 4.83741 0 
0.628127 0 8.33167 1 
0.668426 1 1.28174 0 
0.931718 0 136.883 1 
0.57961 1 3.72657 1 
0.34635 0 14.5066 0 
0.743466 1 4.15103 0 
0.272514 0 0.242618 0 
0.50809 0 2.22426 1 
0.240287 0 0.531501 1 
0.549222 1 1.0068 0 
0.808712 0 27.1491 0 
0.497076 1 0.713945 1 
0.427701 0 1.82896 1 
0.66861 1 0.604067 1 
0.10609 1 12.8721 0 
0.724628 1 1.38675 1 
0.439037 1 2.41541 1 
0.913832 1 1.34916 1 
0.638782 1 0.35253 1 
0.643468 0 19.2155 0 
0.410474 0 2.75687 0 
0.0538216 1 50.6035 1 
0.199417 1 38.2756 0 
0.855167 1 0.0648132 0 
0.0867581 0 0.140498 0 
1.44938 0 26.5563 1 
0.444323 0 12.6548 1 
0.183549 1 35.6737 1 
1.25085 0 123.962 0 
0.465611 0 3.68217 1 
0.553674 1 13.5555 0 
0.676473 1 3.54249 0 
0.0669962 1 33.7261 0 
0.129292 0 2.09551 0 
0.838974 0 21.1921 0 
0.347924 0 6.16394 1 
0.56645 1 23.1133 1 
0.485178 1 11.8162 0 
0.0736117 0 1.91078 1 
0.273804 1 46.6754 1 
0.473346 0 0.258462 1 
0.333012 0 0.0206041 0 
0.252124 1 5.77915 1 
1.13287 1 0.416646 1 
0.275834 0 5.55205 0 
0.664187 1 7.70468 1 
0.613509 1 15.0254 0 
0.353211 0 1.84864 1 
0.265409 1 48.7071 1 
0.227746 0 0.235291 1 
0.684166 1 1.31864 0 
0.551563 1 7.20296 1 
0.502081 1 13.3192 1 
0.0488921 0 1.20308 0 
0.696261 0 3.13596 0 
0.315403 1 5.19693 0 
0.0777058 0 0.888507 0 
0.726695 0 27.9871 0 
0.51021 1 10.4806 0 
0.122128 1 54.5346 0 
1.01335 1 0.732397 0 
0.600384 0 7.02395 1 
0.451397 0 6.67716 1 
0.448439 1 2.16578 0 
0.292379 1 45.4872 0 
0.378758 1 4.13586 1 
0.254893 0 6.30494 0 
0.516147 1 4.5421 0 
0.635008 0 51.6226 1 
0.784125 1 4.0752 1 
0.660042 1 8.37806 1 
0.144602 1 2.65266 1 
0.332055 1 5.6199 0 
0.636471 0 11.8297 0 
0.732518 1 0.201818 1 
0.678595 1 2.52329 1 
0.506496 0 11.1402 1 
0.201173 1 70.9193 0 
0.515384 0 0.673095 1 
0.727902 0 8.50343 0 
0.243659 1 4.27228 0 
0.430388 0 3.66689 1 
0.261508 0 1.37359 0 
0.382894 1 34.7198 1 
0.155019 0 2.21283 1 
0.556109 1 20.5064 0 
0.353034 0 11.3031 0 
0.227538 0 1.36899 1 
0.889777 0 27.5114 0 
0.382677 0 12.7356 0 
0.0814053 1 20.3018 0 
0.720611 0 3.09212 1 
0.584558 0 6.08849 0 
0.987945 1 0.379634 1 
0.317015 1 29.0473 1 
0.424643 1 3.79217 1 
0.783186 0 8.05009 1 
0.751904 0 1.53271 1 
0.628364 1 4.68446 1 
0.718691 0 6.61882 1 
1.3931 1 0.23056 0 
0.243271 1 13.0859 0 
0.927362 0 27.4911 1 
0.464797 1 7.79527 1 
0.760559 1 3.00816 0 
0.0934802 0 1.05552 0 
0.364033 1 5.85706 0 
0.237912 0 3.15751 1 
0.604933 1 3.66851 0 
-0.0680431 0 1.42437 1 
0.164149 1 0.0312754 0 
-0.314798 1 205.888 0 
0.404849 0 0.388328 0 
0.832418 0 6.34844 0 
0.648296 1 2.25788 1 
0.305241 0 9.28367 0 
0.673179 1 1.93275 1 
0.473779 1 25.9652 0 
1.05438 1 3.06207 1 
0.398741 1 24.8242 1 
0.0100743 0 4.7709 1 
0.443298 0 11.0729 1 
0.44123 0 3.56895 1 
0.0390196 0 0.069186 1 
0.309076 0 0.679655 0 
0.860525 0 37.3919 1 
0.518863 1 13.5197 0 
0.674986 1 4.60625 0 
1.01876 1 0.2928 0 
0.569631 0 4.86739 1 
0.514115 0 10.5147 1 
0.336648 0 1.58933 1 
-0.054759 0 0.130909 1 
0.154854 0 3.72558 1 
0.850302 0 8.71968 0 
0.303274 1 106.914 0 
0.37232 1 2.16135 0 
0.818578 1 3.6255 1 
0.506046 0 5.95499 0 
0.661928 1 3.28445 0 
0.357859 1 5.13189 0 
0.548915 0 4.91106 1 
1.24793 0 112.815 1 
0.256398 0 3.29024 0 
0.963861 0 31.2742 0 
0.131107 1 42.2124 1 
0.501665 1 7.64055 1 
0.852326 1 3.98718 0 
0.649949 1 1.65736 0 
0.204423 1 7.30046 0 
0.192328 1 13.5886 1 
0.747909 1 0.591696 0 
0.683821 1 11.1351 0 
0.523513 1 3.32951 0 
0.497445 1 11.6478 1 
0.347099 1 0.495533 1 
0.584592 0 1.77048 1 
0.705241 1 0.153046 1 
0.860179 0 16.8659 0 
1.05967 1 0.500557 1 
0.660852 1 11.0032 1 
0.946761 0 20.0997 1 
0.667117 1 3.45268 0 
0.811316 0 1.31994 0 
0.161443 1 49.5863 1 
0.484981 1 7.6403 0 
0.424497 0 2.39664 1 
0.291429 1 2.29501 1 
0.654948 0 21.0287 1 
0.2929 0 4.55368 1 
0.660581 0 23.7221 1 
0.451628 1 10.2733 0 
0.536187 1 5.66067 0 
0.741411 0 30.6344 0 
0.71216 1 0.936295 0 
0.527606 0 4.79166 1 
0.359632 0 6.32144 1 
0.492033 1 9.14305 1 
0.621109 0 3.38119 0 
0.676642 0 38.135 0 
0.705502 1 0.239527 0 
0.354065 0 6.42913 0 
0.240386 1 6.77887 0 
0.819387 0 69.1115 0 
0.839356 0 49.5465 0 
0.298963 1 40.4459 0 
0.840849 1 5.18525 0 
0.411434 1 18.7305 1 
0.311755 1 20.4011 1 
0.47288 1 0.574511 0 
0.433969 1 1.55307 0 
0.346782 0 1.26821 0 
0.878153 0 1.35382 0 
1.00194 0 16.8444 1 
0.162556 1 45.6572 0 
0.405189 1 24.1689 1 
0.309892 0 0.653133 0 
0.665174 1 2.0637 0 
0.0590134 1 185.026 1 
0.548164 1 6.23983 0 
0.792251 1 2.17887 0 
0.470369 1 0.158243 1 
0.116439 0 1.11924 0 
0.367688 1 10.7186 1 
0.665556 1 8.35783 1 
0.724884 0 6.46737 0 
0.535299 1 1.6164 1 
0.384066 1 3.7267 1 
-0.116774 1 389.529 1 
0.66646 1 0.523011 0 
-0.00759582 0 0.22856 1 
0.558588 1 6.16696 0 
0.192057 0 0.0553279 0 
0.0878634 1 21.6078 0 
0.293841 0 4.27931 1 
0.44101 0 8.99635 1 
0.454055 1 4.58739 1 
0.887978 1 0.680294 1 
0.687047 0 4.51261 0 
-0.101718 1 76.2963 1 
0.634602 1 1.64623 1 
0.659367 1 0.831617 1 
0.352059 1 22.0928 1 
0.851741 1 3.18183 0 
-0.147847 0 0.0834899 1 
0.544476 1 1.73942 0 
0.593142 0 40.1488 1 
0.359253 1 0.415601 1 
0.510134 1 5.05982 0 
0.422138 1 11.554 0 
0.555156 1 2.29918 0 
0.613116 0 19.0868 0 
0.382946 1 25.173 1 
0.669868 0 2.73837 0 
0.653137 1 13.6135 0 
0.375502 1 25.265 0 
0.692335 1 1.49731 1 
0.926443 1 1.04336 0 
0.892376 1 0.794843 1 
0.507414 0 0.200193 0 
0.828918 1 1.16762 0 
0.114748 0 2.56321 0 
0.961924 1 0.443993 0 
0.645512 0 2.89785 1 
0.53761 1 12.0498 0 
0.227333 1 27.7806 1 
0.76285 1 0.598003 1 
0.424512 1 46.1208 0 
0.690009 1 6.37279 1 
0.289524 1 88.7069 1 
0.536015 0 0.152815 1 
0.370696 0 14.4481 1 
0.615836 0 15.5599 0 
0.461663 1 17.8041 1 
0.849918 1 1.62082 1 
0.106242 1 138.619 1 
-0.125484 1 117.265 1 
0.641309 0 13.2844 0 
0.692925 1 5.15839 1 
0.200478 0 7.07105 0 
0.908088 0 38.957 1 
0.580002 0 2.57904 0 
0.540075 0 8.58808 0 
0.679648 0 37.1787 0 
0.417953 0 9.05195 1 
0.757131 0 12.6638 1 
0.419213 1 15.9085 1 
0.108817 0 0.329366 1 
0.806171 0 16.3831 1 
1.00643 1 0.041678 1 
0.402454 0 5.22976 1 
0.310477 1 5.62318 1 
0.669309 1 2.92991 1 
0.851349 1 1.82878 1 
0.790907 0 11.1792 0 
0.624697 1 7.20778 1 
0.226598 1 2.85061 0 
0.196718 1 61.5095 1 
0.953528 0 24.7162 1 
0.393661 1 18.0315 0 
0.40888 0 0.948455 0 
1.16722 1 0.40999 1 
0.422415 0 11.3756 0 
0.484654 0 8.77314 1 
0.873529 0 67.6854 1 
0.776811 0 17.7562 1 
0.0404292 1 14.9904 0 
0.553741 0 3.79196 0 
0.363407 0 0.998033 1 
0.563307 1 11.2261 0 
0.164282 1 32.2074 1 
1.02632 1 0.622801 0 
0.0986395 0 3.25581 1 
0.537556 1 2.56091 1 
0.722263 1 1.25459 1 
0.567598 1 0.599532 0 
0.939226 1 1.05512 1 
0.520666 1 0.972475 0 
0.347235 0 0.308469 0 
0.229963 0 0.700083 0 
0.711813 0 46.4707 0 
0.359468 1 24.1859 1 
0.258419 0 0.952018 1 
1.03221 1 0.618895 0 
0.858477 0 26.9132 1 
0.977624 1 2.95117 0 
0.518211 1 10.8161 1 
0.550703 0 30.1639 1 
0.231696 1 5.36451 0 
0.204941 1 30.4536 1 
1.16132 0 75.3342 0 
0.830297 1 1.88299 0 
0.320295 0 0.253456 1 
0.812765 0 72.4889 0 
0.400216 0 1.98185 0 
0.904603 0 46.7132 1 
0.632576 1 1.81119 1 
0.445794 1 5.27748 0 
0.500302 0 5.86423 1 
0.241045 1 21.9542 0 
0.269996 1 37.4887 1 
0.553481 1 0.378013 0 
0.33142 1 19.7545 1 
0.594043 0 12.0668 0 
0.23773 0 0.835867 1 
0.0881827 0 2.64584 0 
0.907733 0 107.929 0 
1.28066 1 0.0171067 0 
0.232113 1 36.3538 1 
0.898708 0 67.2035 1 
-0.0216681 0 0.226736 0 
0.636195 1 4.28602 1 
0.239331 1 35.0578 0 
0.591217 1 1.79149 0 
0.674902 1 4.32633 0 
0.721067 1 6.43519 1 
0.857303 0 40.2932 1 
0.096729 1 14.0547 1 
0.233328 0 0.843076 0 
0.248156 1 16.6281 0 
0.648832 0 4.46571 0 
0.56802 0 13.0068 1 
0.353205 1 3.55694 1 
0.732885 0 6.62132 0 
0.38978 1 4.25104 0 
0.32728 0 4.30617 0 
0.377682 1 0.208228 0 
0.902733 0 27.0208 1 
0.390643 0 6.51051 0 
0.452282 1 5.27375 1 
0.911142 1 0.0956803 1 
0.304418 0 3.79237 0 
0.425018 1 10.1373 0 
0.327943 1 8.52133 0 
0.449233 0 2.20299 0 
0.941662 0 243.774 1 
0.61653 1 3.19558 1 
0.800231 1 0.328604 0 
0.522944 0 6.43875 1 
0.110437 0 0.0997024 0 
-0.138082 1 112.783 1 
0.869216 1 1.26671 1 
0.39678 1 13.8837 1 
0.191691 1 12.7631 1 
0.0600981 0 0.290578 1 
1.00888 1 0.0600973 1 
0.948352 0 77.8293 0 
0.370049 1 9.25551 0 
0.251221 0 0.064499 0 
0.701622 1 2.48618 1 
0.584843 1 6.37779 0 
1.54631 1 0.0391858 1 
0.659601 0 2.67939 1 
1.06474 1 1.93888 1 
0.363422 0 10.5552 0 
0.537917 1 16.2957 0 
0.455163 0 4.67414 0 
0.555589 0 1.70103 0 
0.484204 1 0.186897 1 
0.621104 1 7.93608 0 
0.332138 1 26.4977 1 
0.507262 1 9.85686 0 
0.280775 1 1.3074 0 
0.891187 0 160.005 1 
0.542595 0 4.45253 1 
0.436785 1 23.0373 0 
-0.098108 1 19.138 0 
0.579504 1 10.3833 0 
0.874531 0 4.39859 1 
0.67947 0 10.8946 1 
-0.0790308 1 36.025 0 
0.013928 0 0.0201182 1 
0.495734 0 2.64848 1 
0.450586 1 13.4659 0 
1.23704 0 220.299 1 
0.259978 1 10.2312 0 
0.463357 1 2.22484 1 
0.610989 1 2.92493 1 
0.333783 1 8.19165 0 
0.114236 0 0.0772572 1 
0.725096 0 29.4792 1 
0.59093 1 11.6223 1 
0.119895 0 0.158514 1 
0.301834 1 17.8566 0 
0.819461 0 64.1198 1 
0.199594 1 3.70422 1 
0.215088 1 13.0335 0 
0.20631 0 0.809752 1 
0.196277 0 0.359853 1 
0.759346 0 10.7856 0 
0.9381 0 25.4508 1 
0.320337 0 2.63255 1 
0.419223 1 19.1259 0 
0.5386 0 2.26032 0 
0.223842 0 6.95696 1 
0.661802 1 21.9557 0 
0.581988 0 16.8104 0 
0.383551 1 17.1519 0 
0.284859 0 3.13614 0 
0.240057 0 1.51096 0 
0.563817 0 3.90446 0 
0.998246 0 65.6964 0 
0.608611 0 23.0049 1 
0.809935 1 0.43877 0 
-0.195972 1 148.923 0 
0.269914 1 18.2891 1 
0.0839595 0 0.732727 1 
0.659661 1 1.47847 1 
0.194217 1 4.37219 0 
0.644655 1 7.15736 1 
0.587541 1 25.9689 1 
0.633182 0 15.8087 1 
0.423178 0 1.97487 0 
0.804771 1 7.62361 0 
0.330918 0 1.79183 0 
0.333365 1 11.0147 0 
0.0740643 1 5.00911 1 
0.416666 0 6.10938 0 
0.216157 0 14.3097 0 
0.493048 0 12.4903 1 
0.43681 0 4.46301 0 
0.730524 1 3.38417 0 
0.254504 1 52.178 1 
0.594137 0 1.20778 0 
1.04742 0 45.892 1 
0.983304 0 62.18 1 
0.152046 0 4.97621 1 
1.02336 1 0.15739 0 
1.06054 0 2.22206 0 
0.427789 1 2.91644 1 
0.159971 1 91.0476 0 
0.569075 1 1.08566 1 
0.900965 1 2.82247 1 
0.604687 1 0.0201088 1 
0.699376 0 17.7234 1 
0.369886 1 9.6309 0 
0.927602 1 1.03673 0 
-0.153733 0 0.197622 1 
-0.42885 1 80.2537 0 
0.0428371 1 7.36528 1 
0.363142 0 3.45151 1 
0.0280974 1 7.73765 1 
1.09818 1 0.654586 0 
0.77538 1 1.62064 1 
0.578044 1 6.50222 0 
0.189516 1 22.703 1 
0.778497 1 1.20367 1 
0.379982 0 1.13472 1 
0.444235 0 0.256709 0 
0.577897 1 1.47107 0 
0.693263 1 2.37412 0 
0.410865 1 3.87494 0 
0.398528 1 9.58102 0 
0.426251 1 8.59631 0 
0.512182 0 14.497 1 
0.725679 0 57.1665 1 
0.753429 0 12.7205 0 
0.0803614 0 0.0480724 1 
0.748588 1 2.38512 0 
0.0544904 1 120.619 0 
1.10468 0 215.299 0 
0.0988245 0 1.95551 1 
0.480201 1 7.00364 0 
0.355071 1 3.49683 1 
-0.104181 0 1.93185 0 
0.793674 0 23.3885 0 
0.286568 1 2.49902 1 
0.511734 0 6.62096 1 
0.1855 0 2.68836 1 
0.7048 0 7.63155 0 
0.457367 0 3.83599 0 
0.631372 1 0.737877 1 
0.272974 1 9.0182 0 
0.739972 1 0.665016 1 
