0.201696
0.212794
0.193422
0.193015
0.192766
0.140683
0.24844
0.211537
0.17376
0.180502
0.218161
0.189449
0.153591
0.239653
0.191419
0.261008
0.201361
0.176669
0.183526
0.251059
0.171111
0.194681
0.214082
0.236753
0.190724
0.198035
0.168203
0.21638
0.224802
0.106695
0.187696
0.222951
0.213889
0.161111
0.168115
0.204754
0.302013
0.173559
0.277009
0.211574
0.230655
0.221015
0.201153
0.231213
0.231793
0.202299
0.224009
0.1448
0.198182
0.155069
0.183987
0.160003
0.170033
0.129581
0.222363
0.199707
0.233283
0.217488
0.20021
0.220921
0.18742
0.166554
0.183202
0.215771
0.268137
0.182922
0.168048
0.190405
0.20268
0.176045
0.176129
0.194198
0.206292
0.239799
0.187697
0.184229
0.201342
0.186291
0.188235
0.205688
0.205441
0.194372
0.180502
0.196755
0.163211
0.230101
0.19607
0.191486
0.255952
0.196992
0.221037
0.144766
0.186921
0.169513
0.192464
0.182879
0.219712
0.229967
0.117543
0.16319
0.217894
0.176486
0.188576
0.224422
0.230027
0.254265
0.209919
0.195981
0.193921
0.184379
0.208148
0.227386
0.187398
0.197843
0.16746
0.198123
0.20647
0.197219
0.214272
0.179209
0.191545
0.179193
0.185806
0.174727
0.231835
0.238132
0.204469
0.194492
0.262266
0.192885
0.147131
0.199009
0.198347
0.205732
0.193697
0.205712
0.16147
0.217998
0.233923
0.226022
0.215052
0.176723
0.206104
0.203698
0.211054
0.203874
0.206648
0.208645
0.198749
0.205195
0.211738
0.193279
0.20257
0.176975
0.23427
0.183992
0.232999
0.220315
0.183007
0.227219
0.204882
0.24699
0.203072
0.193352
0.205834
0.211167
0.231373
0.236396
0.214848
0.205543
0.228067
0.179261
0.213464
0.214112
0.214601
0.211233
0.201742
0.216538
0.229252
0.201297
0.251586
0.189675
0.204016
0.224893
0.234654
0.244779
0.164517
0.164221
0.181466
0.172674
0.204294
0.242826
0.187566
0.201119
0.213619
0.22125
0.216905
0.206562
0.273307
0.196536
0.230682
0.207552
0.212747
0.238056
0.163652
0.196702
0.189577
0.21726
0.230376
0.194187
0.211452
0.199297
0.170844
0.211077
0.214295
0.213592
0.209321
0.221771
0.214574
0.183423
0.197435
0.222772
0.205952
0.222265
0.216647
0.198026
0.223365
0.216788
0.195854
0.225473
0.253974
0.210461
0.199937
0.18744
0.178677
0.230888
0.196399
0.238432
0.219006
0.227539
0.191597
0.249123
0.198219
0.204209
0.200269
0.19187
0.203071
0.196325
0.20613
0.179024
