0.183342
0.254892
0.255007
0.265131
0.133267
0.187553
0.232712
0.227494
0.153723
0.150613
0.226863
0.145097
0.287671
0.192507
0.190428
0.151837
0.179516
0.192251
0.245933
0.180516
0.163381
0.21051
0.227179
0.248155
0.153892
0.0610503
0.19872
0.165501
0.201058
0.238624
0.185341
0.160078
0.171407
0.208072
0.199729
0.168233
0.263233
0.144716
0.235746
0.212586
0.213068
0.212885
0.264304
0.18201
0.305504
0.320677
0.345739
0.246027
0.238581
0.252507
0.226011
0.192017
0.246253
0.189066
0.192923
0.199812
0.197152
0.228219
0.285676
0.193604
0.223822
0.196611
0.222905
0.208217
0.212945
0.225652
0.226494
0.20989
0.240145
0.201443
0.241968
0.205708
0.225892
0.23335
0.264257
0.213608
0.165548
0.190657
0.227986
0.173461
0.198739
0.188728
0.254777
0.18777
0.241731
0.220226
0.222331
0.221332
0.175259
0.168705
0.229338
0.251546
0.21515
0.184039
0.229029
0.252243
0.230858
0.213642
0.236373
0.223464
0.206592
0.244292
0.187864
0.218518
0.256813
0.255097
0.217234
0.252715
0.252409
0.206652
0.219546
0.202582
0.212608
0.189654
0.216525
0.294591
0.181741
0.240214
0.224725
0.237799
0.214312
0.206127
0.183575
0.252309
0.249848
0.227881
0.248476
0.197694
0.241844
0.21795
0.208358
0.171059
0.251691
0.252516
0.231026
0.187104
0.242763
0.232011
0.192853
0.221175
0.197925
0.249322
0.202533
0.217027
0.251168
0.206096
0.195488
0.214031
0.285175
0.258265
0.223073
0.208068
0.202923
0.239798
0.253516
0.238577
0.223875
0.216918
0.249603
0.223078
0.21425
0.217667
0.218614
0.20071
0.226436
0.203776
0.214299
0.249925
0.230192
0.212667
0.216162
0.218323
0.195008
0.229702
0.240118
0.219678
0.232481
0.243827
0.230075
0.211772
0.224032
0.25549
0.22835
0.246787
0.228008
0.230896
0.267107
0.21269
0.284059
0.248869
0.26377
0.211307
0.250403
0.229654
0.210637
0.238822
0.226377
0.198613
0.230515
0.230649
0.248952
0.244979
0.22527
0.249661
0.228356
0.226206
0.240017
0.204119
0.205999
0.224145
0.244893
0.228859
0.249328
0.206789
0.230736
0.233583
0.260102
0.206148
0.190556
0.217949
0.233985
0.242075
0.26385
0.237319
0.211773
0.238106
0.23205
0.275326
0.280962
0.261707
0.221092
0.21753
0.252022
0.249043
0.22566
0.214141
0.216142
0.246008
0.234423
0.25461
0.209133
0.242444
0.270614
0.230723
0.24557
0.20305
0.220564
0.254777
0.211762
0.249788
